0.0
5.0
11.0
18.0
26.0
35.0
45.0
57.0
71.0
87.0
103.0
120.0
135.0
150.0
166.0
182.0
199.0
217.0
236.0
256.0
277.0
298.0
320.0
342.0
366.0
390.0
415.0
440.0
465.0
490.0
515.0
540.0
565.0
590.0
615.0
640.0
665.0
690.0
715.0
740.0
765.0
790.0
815.0
840.0
865.0
890.0
915.0
940.0
965.0
990.0
1015.0
1040.0
1065.0
1090.0
1115.0
1140.0
1165.0
1190.0
1215.0
1240.0
1265.0
1290.0
1315.0
1340.0
1365.0
1390.0
1415.0
1440.0
1465.0
1490.0
1515.0
1540.0
1565.0
1590.0
1615.0
1640.0
1665.0
1690.0
1715.0
1740.0
1765.0
1790.0
1815.0
1840.0
1865.0
1890.0
1915.0
1940.0
1965.0
1990.0
2015.0
2045.0
2081.0
2124.0
2175.0
2236.0
2309.0
2396.0
2500.0
2600.0
2700.0
2800.0
2900.0
3000.0
