0.0
2.5
5.0
8.0
11.0
14.5
18.0
22.0
26.0
30.5
35.0
40.0
45.0
51.0
57.0
64.0
71.0
79.0
87.0
95.0
103.0
111.5
120.0
127.5
135.0
142.5
150.0
158.0
166.0
174.0
182.0
190.5
199.0
208.0
217.0
226.5
236.0
246.0
256.0
266.5
277.0
287.5
298.0
309.0
320.0
331.0
342.0
354.0
366.0
378.0
390.0
402.5
415.0
427.5
440.0
432.5
465.0
477.5
490.0
502.5
515.0
527.5
540.0
552.5
565.0
577.5
590.0
602.5
615.0
627.5
640.0
652.5
665.0
677.5
690.0
702.5
715.0
727.5
740.0
752.5
765.0
777.5
790.0
802.5
815.0
827.5
840.0
852.5
865.0
877.5
890.0
902.5
915.0
927.5
940.0
952.5
965.0
977.5
990.0
902.6
1015.0
1027.5
1040.0
1052.5
1065.0
1077.5
1090.0
1102.5
1115.0
1127.5
1140.0
1152.5
1165.0
1177.5
1190.0
1202.5
1215.0
1227.5
1240.0
1252.5
1265.0
1277.5
1290.0
1302.5
1315.0
1327.5
1340.0
1352.5
1365.0
1377.5
1390.0
1402.5
1415.0
1452.5
1440.0
1452.5
1465.0
1477.5
1490.0
1505.0
1523.0
1544.0
1569.0
1599.0
1635.0
1678.0
1729.0
1790.0
1863.0
1965.0
2065.0
2165.0
2265.0
2365.0
2465.0
2565.0
2665.0
2765.0
2865.0
2965.0
